Particule-Particule symmetry : 

vpp[0] =  0.0
vpp[2] =  1484.3203845091682
vpp[4] =  2296.1421557184963
vpp[6] =  2471.2349866528193
vpp[8] =  2624.611753027194
vnn[0] =  0.0
vnn[2] =  1460.587920203142
vnn[4] =  2277.4548795830187
vnn[6] =  2795.526641261479
vnn[8] =  2747.66708717606
vnn[0] =  0.0
vpn[1] =  2347.776417580249
vpn[2] =  1209.3173029705035
vpn[3] =  2861.603516028554
vpn[4] =  1970.508805778896
vpn[5] =  2628.128782861728
vpn[6] =  2908.8628518770433
vpn[7] =  2193.8015428222006
vpn[8] =  3146.4348697177725
vpn[9] =  821.1315181113247

Uncertainties : [ 29.83369025  43.73812196  37.21880608  20.04915906  72.29986366
  78.71816727  96.00870898  43.59163774 578.40467722 138.51886538
 520.83231049 226.16500028 403.68721908 338.57987878 245.06671281
 523.79904154 141.63938329]

loss :  143.47352033582527


Particule neutron - Hole Proton : 

vpp[0] =  0.0
vpp[2] =  1484.3302306292671
vpp[4] =  2296.1428540964253
vpp[6] =  2471.238964902294
vpp[8] =  2624.6147849146982
vnn[0] =  0.0
vnn[2] =  1460.599519857184
vnn[4] =  2277.475954146056
vnn[6] =  2795.512907836777
vnn[8] =  2747.679665480558
vpn[0] =  0.0
vpn[1] =  835.1899683945763
vpn[2] =  -3185.4111714357314
vpn[3] =  -3021.2070076849946
vpn[4] =  -3246.1314949081807
vpn[5] =  -3572.23027100757
vpn[6] =  -3798.6444745360795
vpn[7] =  -3611.657207870087
vpn[8] =  -3703.6451813795948
vpn[9] =  -2945.762378376896

[  29.8339333    43.73816547   37.21878544   20.04908646   72.29843652
   78.71971486   96.00700193   43.59141315 1098.04541611 1147.89533323
 1076.7071265  1111.47171358 1082.23643525 1094.7570562  1088.49856074
 1089.79213159 1084.68337416]

loss :  143.47351944495063


Hole neutron - Particle Proton : 


vpp[0] =  0.0
vpp[2] =  1484.3265391161974
vpp[4] =  2296.1425459072625
vpp[6] =  2471.2374216251164
vpp[8] =  2624.613090098758
vnn[0] =  0.0
vnn[2] =  1460.5990375249771
vnn[4] =  2277.4644679022263
vnn[6] =  2795.524807163796
vnn[8] =  2747.6690112983138
vpn[0] =  0.0
vpn[1] =  834.9449923519026
vpn[2] =  -3185.443806424925
vpn[3] =  -3021.187621023267
vpn[4] =  -3246.0384416243296
vpn[5] =  -3572.2107205622333
vpn[6] =  -3798.665731941397
vpn[7] =  -3611.6466895040576
vpn[8] =  -3703.623409662576
vpn[9] =  -2945.74467687557

loss :  143.47351982929627

Uncertainties :
 [  29.83368567   43.73810999   37.21884685   20.04914921   72.29989893
   78.7181757    96.00874548   43.59182651 1098.00818291 1147.8351737
 1076.66334367 1111.423568   1082.18277313 1094.71037545 1088.45156883
 1089.74332952 1084.63572768]

Matrice de corrélation :
 [[ 1.         -0.14074568  0.31053775  0.15058265 -0.10449587 -0.02152292
  -0.07915299 -0.14797884 -0.0466762  -0.18118301 -0.159701   -0.18355006
  -0.18325245 -0.1808017  -0.18234383 -0.17978932 -0.17785316]
 [-0.14074568  1.          0.16480965  0.14084045 -0.02364191 -0.07638601
  -0.00950814 -0.06673689 -0.05999302 -0.02852999 -0.03902443 -0.03770976
  -0.03294382 -0.03370222 -0.0368128  -0.03831272 -0.03162331]
 [ 0.31053775  0.16480965  1.          0.13302457 -0.02633724  0.01152914
  -0.1024082   0.06934177  0.01057276 -0.04448068 -0.03444642 -0.03699236
  -0.03833727 -0.03899669 -0.0406521  -0.0433999  -0.04348834]
 [ 0.15058265  0.14084045  0.13302457  1.         -0.11101332 -0.01627837
  -0.00612479  0.19933625  0.0024523  -0.01567051  0.00908609 -0.01651283
  -0.01196549 -0.01136859 -0.01566738 -0.01926552 -0.02453465]
 [-0.10449587 -0.02364191 -0.02633724 -0.11101332  1.         -0.18165984
   0.12828813  0.3425991  -0.02997575 -0.05907453 -0.04519516 -0.07392565
  -0.06728114 -0.0602934  -0.06881086 -0.06405569 -0.061265  ]
 [-0.02152292 -0.07638601  0.01152914 -0.01627837 -0.18165984  1.
  -0.32393151  0.03586808  0.03659808 -0.07813283 -0.07753042 -0.07991888
  -0.08382768 -0.08236391 -0.07685614 -0.08252816 -0.08256662]
 [-0.07915299 -0.00950814 -0.1024082  -0.00612479  0.12828813 -0.32393151
   1.         -0.09994758 -0.03860659  0.01987866  0.01564456  0.01062625
   0.01880254  0.01933038  0.01675075  0.016073    0.01618187]
 [-0.14797884 -0.06673689  0.06934177  0.19933625  0.3425991   0.03586808
  -0.09994758  1.          0.05661917  0.06525772  0.09046355  0.0628899
   0.06489277  0.07868434  0.06735051  0.06009002  0.05715424]
 [-0.0466762  -0.05999302  0.01057276  0.0024523  -0.02997575  0.03659808
  -0.03860659  0.05661917  1.          0.49485737  0.47911188  0.52363284
   0.51622305  0.52185376  0.52189649  0.51723057  0.52119065]
 [-0.18118301 -0.02852999 -0.04448068 -0.01567051 -0.05907453 -0.07813283
   0.01987866  0.06525772  0.49485737  1.          0.9888887   0.98762087
   0.99394732  0.99433262  0.99422125  0.99486753  0.99483845]
 [-0.159701   -0.03902443 -0.03444642  0.00908609 -0.04519516 -0.07753042
   0.01564456  0.09046355  0.47911188  0.9888887   1.          0.98748208
   0.9879359   0.99309709  0.99236666  0.99309114  0.99274587]
 [-0.18355006 -0.03770976 -0.03699236 -0.01651283 -0.07392565 -0.07991888
   0.01062625  0.0628899   0.52363284  0.98762087  0.98748208  1.
   0.99465881  0.99478217  0.99644581  0.99656207  0.99679828]
 [-0.18325245 -0.03294382 -0.03833727 -0.01196549 -0.06728114 -0.08382768
   0.01880254  0.06489277  0.51622305  0.99394732  0.9879359   0.99465881
   1.          0.99655807  0.99583916  0.99798135  0.99793472]
 [-0.1808017  -0.03370222 -0.03899669 -0.01136859 -0.0602934  -0.08236391
   0.01933038  0.07868434  0.52185376  0.99433262  0.99309709  0.99478217
   0.99655807  1.          0.99851644  0.99875053  0.99902236]
 [-0.18234383 -0.0368128  -0.0406521  -0.01566738 -0.06881086 -0.07685614
   0.01675075  0.06735051  0.52189649  0.99422125  0.99236666  0.99644581
   0.99583916  0.99851644  1.          0.99905056  0.99878655]
 [-0.17978932 -0.03831272 -0.0433999  -0.01926552 -0.06405569 -0.08252816
   0.016073    0.06009002  0.51723057  0.99486753  0.99309114  0.99656207
   0.99798135  0.99875053  0.99905056  1.          0.99961494]
 [-0.17785316 -0.03162331 -0.04348834 -0.02453465 -0.061265   -0.08256662
   0.01618187  0.05715424  0.52119065  0.99483845  0.99274587  0.99679828
   0.99793472  0.99902236  0.99878655  0.99961494  1.        ]]


Pandya Transformation from particule-particule to particle-hole : 

v_ph[ 0 ] =  0.0
v_ph[ 1 ] =  -5238.956401542728
v_ph[ 2 ] =  -7640.615147183516
v_ph[ 3 ] =  -1149.492154798626
v_ph[ 4 ] =  -8422.037121505518
v_ph[ 5 ] =  238.41290883797797
v_ph[ 6 ] =  -5564.793371634199
v_ph[ 7 ] =  -1027.0628321890852
v_ph[ 8 ] =  -1787.1280673567449
v_ph[ 9 ] =  -2325.236492121483

Pandya Transformation from particule-hole to particle-particle :

v_ph[ 0 ] =  0.0
v_ph[ 1 ] =  9074.863063205725
v_ph[ 2 ] =  1624.6359129560406
v_ph[ 3 ] =  6893.414858068678
v_ph[ 4 ] =  1252.5495385476543
v_ph[ 5 ] =  4107.689246382245
v_ph[ 6 ] =  145.82419552010833
v_ph[ 7 ] =  1403.4851711538527
v_ph[ 8 ] =  341.5225178836272
v_ph[ 9 ] =  -3693.233247707672
