N = 8/9/10 : Random input 1


loss :  158.67808317375403
v[0] =  0.0
v[1] =  1718.9527052404494
v[2] =  1484.0160066838664
v[3] =  1935.9400392815658
v[4] =  2358.9979344251255
v[5] =  2042.139357239103
v[6] =  2529.329027836144
v[7] =  2263.3891718324985
v[8] =  2653.7926786277417
v[9] =  820.0183460619659

Uncertainties :
 [188.73022911  25.82409945 182.87665804  38.23236494 186.57010813
  33.17802918 181.87064547  20.16607164 153.73806253]

Matrice de corrélation :
 [[ 1.00000000e+00 -9.41340259e-02  8.63951351e-01  3.51263983e-03
   8.33014646e-01  3.62207199e-02  8.52724020e-01  3.60308374e-01
   8.14605947e-01]
 [-9.41340259e-02  1.00000000e+00 -3.88795043e-02 -1.80333032e-01
  -2.52669623e-02  3.20280144e-01  9.59268018e-03  5.70377481e-02
  -1.03154400e-05]
 [ 8.63951351e-01 -3.88795043e-02  1.00000000e+00  2.14135818e-02
   7.57024607e-01  8.14136140e-02  8.96644225e-01  3.38975545e-01
   8.40667403e-01]
 [ 3.51263983e-03 -1.80333032e-01  2.14135818e-02  1.00000000e+00
  -5.84085973e-02  3.86192098e-02  1.19662391e-01  7.07011255e-02
  -1.77047127e-07]
 [ 8.33014646e-01 -2.52669623e-02  7.57024607e-01 -5.84085973e-02
   1.00000000e+00 -9.28970063e-02  7.96784757e-01  2.27153226e-01
   8.24007209e-01]
 [ 3.62207199e-02  3.20280144e-01  8.14136140e-02  3.86192098e-02
  -9.28970063e-02  1.00000000e+00 -8.88186151e-02  1.40558697e-01
  -6.26769336e-06]
 [ 8.52724020e-01  9.59268018e-03  8.96644225e-01  1.19662391e-01
   7.96784757e-01 -8.88186151e-02  1.00000000e+00  8.87166714e-02
   8.45314536e-01]
 [ 3.60308374e-01  5.70377481e-02  3.38975545e-01  7.07011255e-02
   2.27153226e-01  1.40558697e-01  8.87166714e-02  1.00000000e+00
   1.34758413e-06]
 [ 8.14605947e-01 -1.03154400e-05  8.40667403e-01 -1.77047126e-07
   8.24007209e-01 -6.26769336e-06  8.45314536e-01  1.34758413e-06
   1.00000000e+00]]


N = 8/9/10 : Random input 2


loss :  158.67808321694747
v[0] =  0.0
v[1] =  1718.9112790663687
v[2] =  1484.0176051381072
v[3] =  1935.905987056641
v[4] =  2358.9941000669905
v[5] =  2042.0977948598977
v[6] =  2529.3326006156744
v[7] =  2263.34975253522
v[8] =  2653.791104766919
v[9] =  819.9885152677173
Uncertainties :
 [188.72353704  25.82431828 182.87349119  38.23239182 186.57029951
  33.17820107 181.86869546  20.16592115 153.73531481]

Matrice de corrélation :
 [[ 1.00000000e+00 -9.41310469e-02  8.63944868e-01  3.50475094e-03
   8.33009469e-01  3.62228145e-02  8.52716782e-01  3.60298510e-01
   8.14595990e-01]
 [-9.41310469e-02  1.00000000e+00 -3.88754707e-02 -1.80347474e-01
  -2.52589294e-02  3.20292243e-01  9.59232527e-03  5.70515907e-02
  -5.07606289e-06]
 [ 8.63944868e-01 -3.88754707e-02  1.00000000e+00  2.14036913e-02
   7.57020366e-01  8.14150354e-02  8.96640709e-01  3.38961670e-01
   8.40661854e-01]
 [ 3.50475094e-03 -1.80347474e-01  2.14036913e-02  1.00000000e+00
  -5.84132259e-02  3.86096346e-02  1.19657678e-01  7.06780345e-02
  -6.80524254e-06]
 [ 8.33009469e-01 -2.52589294e-02  7.57020366e-01 -5.84132259e-02
   1.00000000e+00 -9.28943471e-02  7.96782392e-01  2.27139885e-01
   8.24004625e-01]
 [ 3.62228145e-02  3.20292243e-01  8.14150354e-02  3.86096346e-02
  -9.28943471e-02  1.00000000e+00 -8.88241454e-02  1.40579696e-01
  -5.90802012e-06]
 [ 8.52716782e-01  9.59232527e-03  8.96640709e-01  1.19657678e-01
   7.96782392e-01 -8.88241454e-02  1.00000000e+00  8.86949290e-02
   8.45309406e-01]
 [ 3.60298510e-01  5.70515907e-02  3.38961670e-01  7.06780345e-02
   2.27139885e-01  1.40579696e-01  8.86949290e-02  1.00000000e+00
  -1.87523389e-05]
 [ 8.14595990e-01 -5.07606289e-06  8.40661854e-01 -6.80524254e-06
   8.24004625e-01 -5.90802012e-06  8.45309406e-01 -1.87523389e-05
   1.00000000e+00]]


N = 8/9/10 : Random input 3


loss :  158.67808319430824
v[0] =  0.0
v[1] =  1718.9263494129611
v[2] =  1484.017246855682
v[3] =  1935.9245338196667
v[4] =  2358.9961997567984
v[5] =  2042.1086136606489
v[6] =  2529.331840367118
v[7] =  2263.367619171455
v[8] =  2653.7920597668635
v[9] =  819.9993797698941

Uncertainties :
 [188.72644237  25.82421645 182.87398233  38.23236608 186.57086302
  33.17813048 181.86823771  20.16618541 153.73528651]
Matrice de corrélation :
 [[ 1.00000000e+00 -9.41005498e-02  8.63946273e-01  3.51789057e-03
   8.33012264e-01  3.62339413e-02  8.52718920e-01  3.60338604e-01
   8.14598564e-01]
 [-9.41005498e-02  1.00000000e+00 -3.88491272e-02 -1.80344627e-01
  -2.52286561e-02  3.20287716e-01  9.62100437e-03  5.70516130e-02
   2.53245486e-05]
 [ 8.63946273e-01 -3.88491272e-02  1.00000000e+00  2.14169980e-02
   7.57021238e-01  8.14245377e-02  8.96641347e-01  3.39003151e-01
   8.40661165e-01]
 [ 3.51789057e-03 -1.80344627e-01  2.14169980e-02  1.00000000e+00
  -5.83993837e-02  3.86130104e-02  1.19669047e-01  7.06890741e-02
   6.12899650e-06]
 [ 8.33012264e-01 -2.52286561e-02  7.57021238e-01 -5.83993837e-02
   1.00000000e+00 -9.28813139e-02  7.96782291e-01  2.27183228e-01
   8.24006639e-01]
 [ 3.62339413e-02  3.20287716e-01  8.14245377e-02  3.86130104e-02
  -9.28813139e-02  1.00000000e+00 -8.88115819e-02  1.40571763e-01
   6.41995317e-06]
 [ 8.52718920e-01  9.62100437e-03  8.96641347e-01  1.19669047e-01
   7.96782291e-01 -8.88115819e-02  1.00000000e+00  8.87411090e-02
   8.45308916e-01]
 [ 3.60338604e-01  5.70516130e-02  3.39003151e-01  7.06890741e-02
   2.27183228e-01  1.40571763e-01  8.87411090e-02  1.00000000e+00
   2.77803668e-05]
 [ 8.14598564e-01  2.53245486e-05  8.40661165e-01  6.12899650e-06
   8.24006639e-01  6.41995317e-06  8.45308916e-01  2.77803668e-05
   1.00000000e+00]]


N = 9/10 : Random input 1 


loss :  95.6366244661256
v[0] =  0.0
v[1] =  1160.582126113306
v[2] =  1477.5789409790575
v[3] =  1639.6310499837718
v[4] =  2240.039513811632
v[5] =  1954.450909747958
v[6] =  2450.756695612625
v[7] =  1935.0230837326126
v[8] =  2553.0291255964394
v[9] =  819.9870211824955

Uncertainties :
 [139.59155273  20.87407869 126.90732081  31.23922463 131.33059955
  25.97924116 126.09930505  15.16318871  93.19032416]

Matrice de corrélation :
 [[ 1.00000000e+00 -1.76108442e-01  8.14913722e-01 -7.10373969e-03
   7.74622077e-01  5.90725297e-02  8.06737152e-01  4.14624742e-01
   6.67596007e-01]
 [-1.76108442e-01  1.00000000e+00 -1.10739265e-01 -4.04068726e-02
  -9.75164561e-02  2.91845625e-01 -8.40622073e-02  8.56885999e-02
  -6.07845326e-06]
 [ 8.14913722e-01 -1.10739265e-01  1.00000000e+00 -6.41512432e-02
   6.41805327e-01  2.88322891e-02  8.25895602e-01  3.35956983e-01
   7.34334573e-01]
 [-7.10373969e-03 -4.04068726e-02 -6.41512432e-02  1.00000000e+00
  -5.35575484e-02  1.92235075e-01  8.07842013e-02  1.87487589e-01
  -9.78024846e-06]
 [ 7.74622077e-01 -9.75164561e-02  6.41805327e-01 -5.35575484e-02
   1.00000000e+00 -2.68043558e-02  7.68098113e-01  2.33710270e-01
   7.09603113e-01]
 [ 5.90725297e-02  2.91845625e-01  2.88322891e-02  1.92235075e-01
  -2.68043558e-02  1.00000000e+00 -3.88833644e-02  6.20096408e-02
  -1.61435969e-05]
 [ 8.06737152e-01 -8.40622073e-02  8.25895602e-01  8.07842013e-02
   7.68098113e-01 -3.88833644e-02  1.00000000e+00  1.21433925e-01
   7.39039238e-01]
 [ 4.14624742e-01  8.56885999e-02  3.35956983e-01  1.87487589e-01
   2.33710270e-01  6.20096408e-02  1.21433925e-01  1.00000000e+00
   1.48939483e-06]
 [ 6.67596007e-01 -6.07845326e-06  7.34334573e-01 -9.78024846e-06
   7.09603113e-01 -1.61435969e-05  7.39039238e-01  1.48939483e-06
   1.00000000e+00]]


N = 9/10 : Random input 2

loss :  95.6366244620188
v[0] =  0.0
v[1] =  1160.592678007012
v[2] =  1477.5784275208714
v[3] =  1639.6414636579916
v[4] =  2240.040047990633
v[5] =  1954.457458988833
v[6] =  2450.756298405506
v[7] =  1935.033508883465
v[8] =  2553.029512649795
v[9] =  819.993045697629

Uncertainties :
 [139.59175863  20.87400108 126.90641791  31.23924932 131.32970413
  25.97919645 126.09916047  15.16329082  93.19165336]

Matrice de corrélation :
 [[ 1.00000000e+00 -1.76101557e-01  8.14914161e-01 -7.08857000e-03
   7.74620570e-01  5.91200818e-02  8.06738045e-01  4.14624238e-01
   6.67604239e-01]
 [-1.76101557e-01  1.00000000e+00 -1.10733982e-01 -4.04030050e-02
  -9.75099823e-02  2.91833602e-01 -8.40555257e-02  8.56898736e-02
  -1.89394756e-06]
 [ 8.14914161e-01 -1.10733982e-01  1.00000000e+00 -6.41375215e-02
   6.41802269e-01  2.88770184e-02  8.25896026e-01  3.35960035e-01
   7.34335832e-01]
 [-7.08857000e-03 -4.04030050e-02 -6.41375215e-02  1.00000000e+00
  -5.35456628e-02  1.92238753e-01  8.07959784e-02  1.87503377e-01
   1.18907349e-06]
 [ 7.74620570e-01 -9.75099823e-02  6.41802269e-01 -5.35456628e-02
   1.00000000e+00 -2.67623109e-02  7.68096693e-01  2.33708332e-01
   7.09607081e-01]
 [ 5.91200818e-02  2.91833602e-01  2.88770184e-02  1.92238753e-01
  -2.67623109e-02  1.00000000e+00 -3.88371471e-02  6.20165549e-02
   2.56587114e-05]
 [ 8.06738045e-01 -8.40555257e-02  8.25896026e-01  8.07959784e-02
   7.68096693e-01 -3.88371471e-02  1.00000000e+00  1.21438651e-01
   7.39043059e-01]
 [ 4.14624238e-01  8.56898736e-02  3.35960035e-01  1.87503377e-01
   2.33708332e-01  6.20165549e-02  1.21438651e-01  1.00000000e+00
   6.76159299e-06]
 [ 6.67604239e-01 -1.89394756e-06  7.34335832e-01  1.18907349e-06
   7.09607081e-01  2.56587114e-05  7.39043059e-01  6.76159299e-06
   1.00000000e+00]]



N = 9/10 : Random input 3

loss :  95.63662445944553
v[0] =  0.0
v[1] =  1160.6075843808903
v[2] =  1477.5786449260322
v[3] =  1639.654274016882
v[4] =  2240.0398688138293
v[5] =  1954.473099271216
v[6] =  2450.756687814011
v[7] =  1935.0463294041976
v[8] =  2553.0295942541284
v[9] =  820.0072364755536

Uncertainties :
 [139.59502637  20.87400202 126.90684195  31.23926637 131.33061343
  25.97917901 126.09869572  15.16325925  93.19084444]

Matrice de corrélation :
 [[ 1.00000000e+00 -1.76084815e-01  8.14916779e-01 -7.09276793e-03
   7.74627142e-01  5.90890745e-02  8.06740505e-01  4.14626546e-01
   6.67606092e-01]
 [-1.76084815e-01  1.00000000e+00 -1.10721034e-01 -4.04042933e-02
  -9.74990817e-02  2.91842697e-01 -8.40424555e-02  8.56943516e-02
   9.90318030e-06]
 [ 8.14916779e-01 -1.10721034e-01  1.00000000e+00 -6.41396816e-02
   6.41804766e-01  2.88504230e-02  8.25894890e-01  3.35963910e-01
   7.34335189e-01]
 [-7.09276793e-03 -4.04042933e-02 -6.41396816e-02  1.00000000e+00
  -5.35473755e-02  1.92236444e-01  8.07960177e-02  1.87495068e-01
   1.40219588e-06]
 [ 7.74627142e-01 -9.74990817e-02  6.41804766e-01 -5.35473755e-02
   1.00000000e+00 -2.67901557e-02  7.68097317e-01  2.33715836e-01
   7.09602525e-01]
 [ 5.90890745e-02  2.91842697e-01  2.88504230e-02  1.92236444e-01
  -2.67901557e-02  1.00000000e+00 -3.88649782e-02  6.20085809e-02
   3.63909395e-07]
 [ 8.06740505e-01 -8.40424555e-02  8.25894890e-01  8.07960177e-02
   7.68097317e-01 -3.88649782e-02  1.00000000e+00  1.21442023e-01
   7.39039263e-01]
 [ 4.14626546e-01  8.56943516e-02  3.35963910e-01  1.87495068e-01
   2.33715836e-01  6.20085809e-02  1.21442023e-01  1.00000000e+00
   8.43945436e-06]
 [ 6.67606092e-01  9.90318030e-06  7.34335189e-01  1.40219588e-06
   7.09602525e-01  3.63909395e-07  7.39039263e-01  8.43945436e-06
   1.00000000e+00]]




N = 10 : Random input 1 


loss :  85.44578200162772
v[0] =  0.0
v[1] =  103562088.2427223
v[2] =  1444.9160093633884
v[3] =  -1546238.5618547879
v[4] =  2193.784623648806
v[5] =  -55366511.24441664
v[6] =  2413.7746906415177
v[7] =  -402132429.0126647
v[9] =  -12344024.457912616

 [1.92647619e+08 2.62481175e+01 4.33288477e+06 3.76808621e+01
 1.68653416e+08 3.23547689e+01 7.48373782e+08 1.71163388e+01
 1.29528918e+07]

Matrice de corrélation :
 [[ 1.          0.04279796  0.1319457   0.02935671 -0.51480322  0.33672639
   0.34636147  0.00480147 -0.39504068]
 [ 0.04279796  1.         -0.06585177  0.05769326 -0.04416716  0.35063466
   0.05469387  0.14738544  0.23258716]
 [ 0.1319457  -0.06585177  1.          0.13970293 -0.87622271 -0.05059059
   0.645709    0.11607867 -0.35626471]
 [ 0.02935671  0.05769326  0.13970293  1.         -0.17317086  0.24285604
   0.26736304  0.31748408  0.13256313]
 [-0.51480322 -0.04416716 -0.87622271 -0.17317086  1.         -0.14547508
  -0.71671321 -0.11945208  0.3003791 ]
 [ 0.33672639  0.35063466 -0.05059059  0.24285604 -0.14547508  1.
   0.07973815  0.12664153  0.13465594]
 [ 0.34636147  0.05469387  0.645709    0.26736304 -0.71671321  0.07973815
   1.          0.19484474 -0.29308359]
 [ 0.00480147  0.14738544  0.11607867  0.31748408 -0.11945208  0.12664153
   0.19484474  1.          0.16562472]
 [-0.39504068  0.23258716 -0.35626471  0.13256313  0.3003791   0.13465594
  -0.29308359  0.16562472  1.        ]]



N = 10 : Random input 2

loss :  85.66412478034917
v[0] =  0.0
v[1] =  -449469.26126328873
v[2] =  1435.607288182703
v[3] =  615735515.6897738
v[4] =  2180.9356250537385
v[5] =  -47647182.39872535
v[6] =  2401.155673985098
v[7] =  1132794304.8697836
v[8] =  2520.6204286397688
v[9] =  1472356375.746283

Uncertainties :
 [7.59880009e+04 2.63417705e+01 1.22314444e+08 3.79855211e+01
 5.50377296e+06 2.82760508e+01 4.00546974e+08 2.02240323e+01
 2.29888515e+08]

Matrice de corrélation :
 [[ 1.          0.27170869 -0.69017309  0.20089607 -0.59054155  0.26620605
   0.16507608  0.14972794  0.53872478]
 [ 0.27170869  1.         -0.29345897  0.04865002 -0.30331833  0.18916515
  -0.27231536  0.2397677   0.41456193]
 [-0.69017309 -0.29345897  1.         -0.26636219  0.46658727 -0.28576308
  -0.41075515 -0.11094587 -0.71941141]
 [ 0.20089607  0.04865002 -0.26636219  1.         -0.16252433  0.19836755
   0.14191679  0.30623605  0.34604511]
 [-0.59054155 -0.30331833  0.46658727 -0.16252433  1.         -0.31537213
  -0.35147545 -0.09693912 -0.70988164]
 [ 0.26620605  0.18916515 -0.28576308  0.19836755 -0.31537213  1.
   0.1726309  -0.01029986  0.30153826]
 [ 0.16507608 -0.27231536 -0.41075515  0.14191679 -0.35147545  0.1726309
   1.         -0.17962087  0.23490783]
 [ 0.14972794  0.2397677  -0.11094587  0.30623605 -0.09693912 -0.01029986
  -0.17962087  1.          0.39878099]
 [ 0.53872478  0.41456193 -0.71941141  0.34604511 -0.70988164  0.30153826
   0.23490783  0.39878099  1.        ]]

N = 10 : Random input 3

loss :  85.43519923979295
v[0] =  0.0
v[1] =  -1111965213.3686452
v[2] =  1443.146792143304
v[3] =  -193266766.86056876
v[4] =  2196.0339530945794
v[5] =  9039236679.881645
v[6] =  2415.093374631935
v[7] =  -518631792.7784842
v[8] =  2523.7813814459764

Uncertainties :
 [1.01135233e+08 2.64480418e+01 2.91633634e+07 3.58810110e+01
 1.33220968e+09 3.62242084e+01 7.15804828e+07 1.58495726e+01
 4.10368959e+07]

Matrice de corrélation :
 [[ 1.          0.09924247 -0.29377056 -0.10190719 -0.61197905  0.14002279
   0.3462732  -0.18300417 -0.35597287]
 [ 0.09924247  1.         -0.48089588 -0.09435785 -0.09552912  0.14178623
   0.24689507  0.13926451 -0.27234381]
 [-0.29377056 -0.48089588  1.         -0.06840533  0.10707031  0.07005348
  -0.47637545 -0.11877396  0.72654455]
 [-0.10190719 -0.09435785 -0.06840533  1.         -0.06308591  0.14068761
  -0.00749904  0.16829836  0.17936181]
 [-0.61197905 -0.09552912  0.10707031 -0.06308591  1.         -0.60480589
  -0.78664564  0.22077083  0.06837916]
 [ 0.14002279  0.14178623  0.07005348  0.14068761 -0.60480589  1.
   0.45427565 -0.0830392   0.2591707 ]
 [ 0.3462732   0.24689507 -0.47637545 -0.00749904 -0.78664564  0.45427565
   1.         -0.14745199 -0.41044407]
 [-0.18300417  0.13926451 -0.11877396  0.16829836  0.22077083 -0.0830392
  -0.14745199  1.          0.07382689]
 [-0.35597287 -0.27234381  0.72654455  0.17936181  0.06837916  0.2591707
  -0.41044407  0.07382689  1.        ]]